Iteration = 2.298538
Dixotomia = 2.298536
Newton = 2.298536