Iteration = 2.298535
Dixotomia = 2.298536
Newton = 2.298536