Dixotomia = 1.883239
Newton = 1.883239